"Salgspris"	"Dato"	"Kvadratmeterpris"	"AntalVarelser"	"Postnummer"	"Hustype"	"Kvadratmeter"	"Byggeaar"	"Prisreduktion"
2800000	2012-10-23	27722	4	2720	"Hus"	101	1947	0.990099009900991
1570000	2012-10-09	16526	6	2720	"Hus"	95	1928	0
1975000	2012-09-24	19750	4	2720	"Hus"	100	1921	13.7931034482759
3200000	2012-09-06	27826	5	2720	"Hus"	115	1929	0.990099009900991
2950000	2012-08-30	29207	3	2720	"Hus"	101	1927	7.40740740740742
2060000	2012-08-23	23678	4	2720	"Hus"	87	1933	5.66037735849058
3300000	2012-08-14	45205	3	2720	"Hus"	73	1936	4.76190476190477
3195000	2012-08-14	25766	4	2720	"Hus"	124	1938	0
2095000	2012-08-12	30808	3	2720	"Hus"	68	1925	0
5200000	2012-08-10	35374	5	2720	"Hus"	147	1974	4.76190476190477
5250000	2012-08-02	26785	9	2720	"Hus"	196	1910	7.40740740740742
4100000	2012-07-27	43617	3	2720	"Hus"	94	1938	1.96078431372549
3498000	2012-07-26	23795	6	2720	"Hus"	147	1936	0
3050000	2012-07-25	23828	6	2720	"Hus"	128	1924	12.280701754386
2350000	2012-07-23	16206	6	2720	"Hus"	145	1931	15.9663865546218
2948000	2012-07-19	25413	4	2720	"Hus"	116	1929	0.990099009900991
4200000	2012-07-16	34146	4	2720	"Hus"	123	1917	0
4190000	2012-07-04	20950	5	2720	"Hus"	200	1921	6.54205607476636
2800000	2012-06-26	23931	2	2720	"Hus"	117	1963	5.66037735849058
3250000	2012-06-25	24621	5	2720	"Hus"	132	1934	0
2200000	2012-06-18	26829	4	2720	"Hus"	82	1933	3.84615384615385
2550000	2012-06-15	31875	4	2720	"Hus"	80	1932	8.25688073394496
3250000	2012-06-15	29545	4	2720	"Hus"	110	1925	3.84615384615385
4475000	2012-06-14	31514	5	2720	"Hus"	142	1934	5.66037735849058
4e+06	2012-06-12	41237	5	2720	"Hus"	97	1955	0
2200000	2012-06-11	26829	4	2720	"Hus"	82	1932	8.25688073394496
3910000	2012-06-11	25894	6	2720	"Hus"	151	1924	0
4275000	2012-06-10	42326	3	2720	"Hus"	101	1952	4.76190476190477
2850000	2012-06-04	19655	8	2720	"Hus"	145	1895	9.90990990990992
3425000	2012-05-29	22096	5	2720	"Hus"	155	1934	1.96078431372549
3775000	2012-05-27	38131	4	2720	"Hus"	99	1934	4.76190476190477
4900000	2012-05-23	31612	6	2720	"Hus"	155	1939	5.66037735849058
2750000	2012-05-23	30555	4	2720	"Hus"	90	1925	7.40740740740742
3300000	2012-05-22	28947	4	2720	"Hus"	114	1934	4.76190476190477
2538000	2012-05-11	25897	4	2720	"Hus"	98	1934	5.66037735849058
3650000	2012-05-10	27651	5	2720	"Hus"	132	1927	2.9126213592233
3850000	2012-05-06	26551	5	2720	"Hus"	145	1921	7.40740740740742
4750000	2012-04-30	28787	5	2720	"Hus"	165	1936	4.76190476190477
480000	2012-04-30	2681	6	2720	"Hus"	179	1945	0
1550000	2012-04-27	16489	6	2720	"Hus"	94	1932	1.96078431372549
2675000	2012-04-26	22669	3	2720	"Hus"	118	1928	3.84615384615385
2300000	2012-04-24	27380	3	2720	"Hus"	84	1910	6.54205607476636
5150000	2012-04-24	34563	6	2720	"Hus"	149	1917	9.09090909090909
3e+06	2012-04-20	32967	3	2720	"Hus"	91	1934	7.40740740740742
3200000	2012-04-17	25806	4	2720	"Hus"	124	1967	1.96078431372549
1998000	2012-04-16	27750	3	2720	"Hus"	72	1934	0
3300000	2012-04-16	36666	4	2720	"Hus"	90	1938	11.5044247787611
2500000	2012-04-10	18656	4	2720	"Hus"	134	1920	0
3125000	2012-03-27	22321	5	2720	"Hus"	140	1929	6.54205607476636
3900000	2012-03-27	26712	5	2720	"Hus"	146	1952	0
2600000	2012-03-27	20800	6	2720	"Hus"	125	1935	6.54205607476636
4500000	2012-03-21	34351	5	2720	"Hus"	131	1927	9.09090909090909
3046575	2012-03-15	26491	4	2720	"Hus"	115	1979	5.66037735849058
4475000	2012-03-11	29440	5	2720	"Hus"	152	1928	6.54205607476636
3800000	2012-02-27	25850	4	2720	"Hus"	147	1967	4.76190476190477
6e+06	2012-02-15	30150	8	2720	"Hus"	199	1939	7.40740740740742
4100000	2012-02-15	29078	5	2720	"Hus"	141	1930	8.25688073394496
2850000	2012-02-09	29081	4	2720	"Hus"	98	1939	4.76190476190477
2900000	2012-02-02	30526	3	2720	"Hus"	95	1969	2.9126213592233
4500000	2012-01-31	30000	6	2720	"Hus"	150	1914	3.84615384615385
4200000	2012-01-31	26250	7	2720	"Hus"	160	1983	6.54205607476636
4050000	2012-01-31	23964	5	2720	"Hus"	169	1937	9.90990990990992
3e+06	2012-01-16	20408	5	2720	"Hus"	147	1976	-4.16666666666667
2100000	2012-01-16	25301	6	2720	"Hus"	83	1942	12.280701754386
2200000	2012-01-04	16923	5	2720	"Hus"	130	1926	23.6641221374046
2740000	2011-12-29	27400	5	2720	"Hus"	100	1934	8.25688073394496
4e+06	2011-12-27	23391	5	2720	"Hus"	171	1928	10.7142857142857
852609	2011-12-19	10792	2	2720	"Hus"	79	1940	0
2500000	2011-12-14	22123	3	2720	"Hus"	113	1930	9.90990990990992
2820000	2011-12-01	25636	3	2720	"Hus"	110	1930	5.66037735849058
1250000	2011-12-01	9191	5	2720	"Hus"	136	1930	15.9663865546218
4195000	2011-11-24	22433	6	2720	"Hus"	187	1907	0
1815000	2011-11-18	12263	6	2720	"Hus"	148	2012	8.25688073394496
3760000	2011-11-18	24102	5	2720	"Hus"	156	1939	5.66037735849058
4300000	2011-11-13	30714	6	2720	"Hus"	140	1931	7.40740740740742
3800000	2011-11-06	30400	6	2720	"Hus"	125	1952	4.76190476190477
2100000	2011-11-04	21000	4	2720	"Hus"	100	1933	8.25688073394496
3874000	2011-11-03	27671	6	2720	"Hus"	140	1930	2.9126213592233
2925000	2011-10-19	29250	4	2720	"Hus"	100	1935	10.7142857142857
1700000	2011-10-13	12977	4	2720	"Hus"	131	1930	9.90990990990992
3435000	2011-10-12	26835	6	2720	"Hus"	128	1968	4.76190476190477
3250000	2011-10-11	30092	6	2720	"Hus"	108	1933	6.54205607476636
1075000	2011-10-07	8269	4	2720	"Hus"	130	1926	0
3500000	2011-09-18	26119	5	2720	"Hus"	134	1967	12.280701754386
3850000	2011-09-16	35981	5	2720	"Hus"	107	1938	2.9126213592233
5e+06	2011-09-15	36764	5	2720	"Hus"	136	1925	4.76190476190477
3700000	2011-09-05	29133	6	2720	"Hus"	127	1938	0.990099009900991
2998000	2011-09-05	17034	5	2720	"Hus"	176	1926	0
4475000	2011-08-31	34423	5	2720	"Hus"	130	1925	0
3300000	2011-08-24	38823	3	2720	"Hus"	85	1934	4.76190476190477
3300000	2011-08-22	28448	6	2720	"Hus"	116	1935	7.40740740740742
3560000	2011-08-17	30169	5	2720	"Hus"	118	1952	7.40740740740742
2505000	2011-08-02	43947	3	2720	"Hus"	57	1937	0
4700000	2011-07-15	35338	5	2720	"Hus"	133	1957	5.66037735849058
1475000	2011-07-07	17352	4	2720	"Hus"	85	1931	15.2542372881356
540000	2011-07-01	8571	3	2720	"Hus"	63	1936	0
3125000	2011-06-30	24038	4	2720	"Hus"	130	1929	18.6991869918699
3865000	2011-06-23	30433	5	2720	"Hus"	127	1970	2.9126213592233
3850000	2011-06-22	26369	5	2720	"Hus"	146	1931	0
3325000	2011-06-20	34635	3	2720	"Hus"	96	1934	4.76190476190477
2300000	2011-06-17	24468	4	2720	"Hus"	94	1927	14.5299145299145
3575000	2011-06-10	34375	5	2720	"Hus"	104	1928	0
3095000	2011-06-01	34388	3	2720	"Hus"	90	1936	0
3595000	2011-06-01	38244	4	2720	"Hus"	94	1924	1.96078431372549
4735000	2011-05-23	29409	6	2720	"Hus"	161	1924	4.76190476190477
5350000	2011-05-19	37412	6	2720	"Hus"	143	1929	0
2950000	2011-05-19	24180	5	2720	"Hus"	122	1928	0.990099009900991
5075000	2011-05-17	32324	4	2720	"Hus"	157	1936	9.09090909090909
4675000	2011-05-08	28162	6	2720	"Hus"	166	1936	3.84615384615385
5700000	2011-04-27	32386	8	2720	"Hus"	176	1947	4.76190476190477
3925000	2011-04-20	32172	4	2720	"Hus"	122	1946	6.54205607476636
2782953	2011-04-17	15812	5	2720	"Hus"	176	2012	6.54205607476636
2400000	2011-04-12	15483	7	2720	"Hus"	155	1953	0
5650000	2011-04-01	35987	7	2720	"Hus"	157	1921	9.09090909090909
3700000	2011-03-29	30081	5	2720	"Hus"	123	1910	0
3700000	2011-03-29	25517	7	2720	"Hus"	145	1910	0
2800000	2011-03-26	19444	5	2720	"Hus"	144	1937	15.9663865546218
2543750	2011-03-23	16411	5	2720	"Hus"	155	1926	14.5299145299145
4650000	2011-03-18	29430	5	2720	"Hus"	158	1932	6.54205607476636
3375000	2011-03-18	27000	5	2720	"Hus"	125	1934	2.9126213592233
4600000	2011-03-17	31506	5	2720	"Hus"	146	1969	15.9663865546218
3800000	2011-03-06	26206	5	2720	"Hus"	145	1934	9.09090909090909
4775000	2011-03-03	29115	7	2720	"Hus"	164	1931	3.84615384615385
4650000	2011-02-22	32978	5	2720	"Hus"	141	1932	0
3e+06	2011-02-14	22900	5	2720	"Hus"	131	1930	7.40740740740742
3175000	2011-02-10	32731	4	2720	"Hus"	97	1931	5.66037735849058
4900000	2011-02-04	29878	5	2720	"Hus"	164	1922	6.54205607476636
3485000	2011-01-23	30840	5	2720	"Hus"	113	1928	2.9126213592233
2050000	2011-01-21	27333	4	2720	"Hus"	75	1933	0
2e+06	2011-01-16	21505	4	2720	"Hus"	93	1938	0
2100000	2011-01-07	15217	6	2720	"Hus"	138	1925	8.25688073394496
3100000	2012-10-11	24603	5	2610	"Hus"	126	1930	10.7142857142857
2625000	2012-10-04	21875	4	2610	"Hus"	120	1986	0
1225000	2012-09-20	11342	3	2610	"Hus"	108	1939	0
3495000	2012-09-19	28185	4	2610	"Hus"	124	1950	0
3400000	2012-09-18	26984	4	2610	"Hus"	126	1928	4.76190476190477
1700000	2012-09-16	21794	3	2610	"Hus"	78	1954	9.09090909090909
2750000	2012-09-10	21484	4	2610	"Hus"	128	1938	7.40740740740742
1650000	2012-09-06	24264	3	2610	"Hus"	68	1939	7.40740740740742
3495000	2012-09-06	24787	4	2610	"Hus"	141	1931	0
3100000	2012-09-05	23846	4	2610	"Hus"	130	1967	2.9126213592233
1900000	2012-09-04	22891	4	2610	"Hus"	83	1954	4.76190476190477
2995000	2012-08-28	18151	5	2610	"Hus"	165	1964	0
2150000	2012-08-27	14625	5	2610	"Hus"	147	1954	8.25688073394496
1500000	2012-08-22	17045	4	2610	"Hus"	88	1961	9.09090909090909
2e+06	2012-08-21	16393	4	2610	"Hus"	122	1952	3.84615384615385
2649000	2012-08-15	15767	5	2610	"Hus"	168	1927	2.9126213592233
1850000	2012-08-06	18500	4	2610	"Hus"	100	1960	13.7931034482759
2400000	2012-08-03	18461	6	2610	"Hus"	130	1933	2.9126213592233
2250000	2012-07-27	29605	4	2610	"Hus"	76	1933	0
2100000	2012-07-18	21875	4	2610	"Hus"	96	1961	1.96078431372549
2500000	2012-07-17	12626	7	2610	"Hus"	198	1959	9.90990990990992
1460000	2012-07-06	13773	4	2610	"Hus"	106	1951	31.9727891156463
2800000	2012-07-06	19178	5	2610	"Hus"	146	1934	5.66037735849058
2750000	2012-07-05	27500	5	2610	"Hus"	100	1933	0
2125000	2012-07-04	22135	4	2610	"Hus"	96	1944	2.9126213592233
2500000	2012-07-04	19841	6	2610	"Hus"	126	1953	6.54205607476636
2995000	2012-07-03	24349	4	2610	"Hus"	123	1931	0
2650000	2012-07-02	24090	4	2610	"Hus"	110	1956	4.76190476190477
2e+06	2012-06-29	19607	4	2610	"Hus"	102	1956	6.54205607476636
3700000	2012-06-27	23870	9	2610	"Hus"	155	1935	3.84615384615385
2850000	2012-06-26	29687	4	2610	"Hus"	96	1960	4.76190476190477
3850000	2012-06-26	22254	5	2610	"Hus"	173	1972	0
1345000	2012-06-21	12688	4	2610	"Hus"	106	1954	0
1740000	2012-06-21	16893	5	2610	"Hus"	103	1933	5.66037735849058
2250000	2012-06-15	29605	3	2610	"Hus"	76	1955	5.66037735849058
2200000	2012-06-12	14965	5	2610	"Hus"	147	1954	10.7142857142857
3e+06	2012-06-12	24590	6	2610	"Hus"	122	1904	5.66037735849058
2110000	2012-06-08	13525	5	2610	"Hus"	156	1937	3.84615384615385
3595000	2012-06-07	21526	5	2610	"Hus"	167	1943	0
1995000	2012-06-07	13211	5	2610	"Hus"	151	1970	0
1800000	2012-06-07	13636	5	2610	"Hus"	132	1961	9.09090909090909
2395000	2012-06-06	16182	4	2610	"Hus"	148	1962	0
1700000	2012-06-05	15044	4	2610	"Hus"	113	1963	9.90990990990992
1550000	2012-06-04	15979	3	2610	"Hus"	97	1936	25.9259259259259
1550000	2012-06-04	16847	3	2610	"Hus"	92	1958	1.96078431372549
2400000	2012-06-04	22222	5	2610	"Hus"	108	1940	7.40740740740742
2995000	2012-05-31	22185	6	2610	"Hus"	135	1952	0
1700000	2012-05-20	22666	4	2610	"Hus"	75	1932	4.76190476190477
1800000	2012-05-11	13846	6	2610	"Hus"	130	1960	0
4400000	2012-05-08	22335	7	2610	"Hus"	197	1908	1.96078431372549
2200000	2012-04-30	22000	4	2610	"Hus"	100	1935	11.5044247787611
2e+06	2012-04-29	12738	4	2610	"Hus"	157	1940	6.54205607476636
2700000	2012-04-27	18493	6	2610	"Hus"	146	1952	9.09090909090909
3075000	2012-04-27	22777	5	2610	"Hus"	135	1934	0
4125000	2012-04-26	25152	6	2610	"Hus"	164	2007	5.66037735849058
2995000	2012-04-26	30252	3	2610	"Hus"	99	1932	0
1800000	2012-04-24	16216	5	2610	"Hus"	111	1962	9.09090909090909
2620000	2012-04-23	24952	4	2610	"Hus"	105	1963	0
2460000	2012-04-12	18222	6	2610	"Hus"	135	1936	9.90990990990992
1700000	2012-04-02	16190	5	2610	"Hus"	105	1926	4.76190476190477
2875000	2012-03-25	27644	3	2610	"Hus"	104	1953	-2.04081632653061
1930000	2012-03-23	22183	4	2610	"Hus"	87	1937	2.9126213592233
1383331	2012-03-23	12928	4	2610	"Hus"	107	1961	0
2700000	2012-03-22	20300	5	2610	"Hus"	133	1940	9.09090909090909
1775000	2012-03-21	18298	5	2610	"Hus"	97	1939	0
2325000	2012-03-20	24218	4	2610	"Hus"	96	1924	6.54205607476636
1400000	2012-03-20	14141	4	2610	"Hus"	99	1940	5.66037735849058
1640000	2012-03-19	11156	5	2610	"Hus"	147	1954	0
4495000	2012-03-18	31000	6	2610	"Hus"	145	1932	0
3025000	2012-03-06	21302	5	2610	"Hus"	142	1930	9.90990990990992
3e+06	2012-03-05	22900	6	2610	"Hus"	131	1928	8.25688073394496
1850000	2012-02-28	16818	4	2610	"Hus"	110	1955	6.54205607476636
2500000	2012-02-28	16778	5	2610	"Hus"	149	1972	6.54205607476636
2200000	2012-02-27	20370	3	2610	"Hus"	108	1960	5.66037735849058
1110000	2012-02-26	13058	4	2610	"Hus"	85	1946	0
2375000	2012-02-23	13494	6	2610	"Hus"	176	1954	0
2400000	2012-02-16	13714	5	2610	"Hus"	175	1935	3.84615384615385
3600000	2012-02-13	23841	5	2610	"Hus"	151	1909	1.96078431372549
2200000	2012-02-08	21153	4	2610	"Hus"	104	1970	0
3200000	2012-02-05	19875	6	2610	"Hus"	161	1933	8.25688073394496
3375000	2012-01-25	25186	5	2610	"Hus"	134	1928	9.90990990990992
3200000	2012-01-23	17112	7	2610	"Hus"	187	1932	5.66037735849058
2e+06	2012-01-23	12658	6	2610	"Hus"	158	1944	12.280701754386
3075000	2012-01-22	21808	5	2610	"Hus"	141	1941	6.54205607476636
2900000	2012-01-20	23770	4	2610	"Hus"	122	1936	9.09090909090909
1900000	2012-01-20	19791	4	2610	"Hus"	96	1955	4.76190476190477
3400000	2012-01-16	24637	4	2610	"Hus"	138	1927	4.76190476190477
3200000	2012-01-13	19047	6	2610	"Hus"	168	1905	2.9126213592233
2500000	2012-01-10	15822	5	2610	"Hus"	158	1935	4.76190476190477
1950000	2012-01-10	17410	6	2610	"Hus"	112	1954	1.96078431372549
1150000	2012-01-09	16911	3	2610	"Hus"	68	1950	2.9126213592233
2175000	2012-01-06	19078	4	2610	"Hus"	114	1967	4.76190476190477
1750000	2012-01-06	18421	3	2610	"Hus"	95	1956	0
3200000	2012-01-03	24427	4	2610	"Hus"	131	1928	0.990099009900991
2675000	2011-12-23	20419	4	2610	"Hus"	131	1930	9.90990990990992
4e+06	2011-12-23	30075	5	2610	"Hus"	133	1903	6.54205607476636
1480000	2011-12-20	10571	5	2610	"Hus"	140	1939	17.3553719008264
2500000	2011-12-12	24038	4	2610	"Hus"	104	1933	15.9663865546218
4300000	2011-12-08	22872	5	2610	"Hus"	188	2011	3.84615384615385
1100000	2011-12-07	11578	4	2610	"Hus"	95	1961	25.9259259259259
3980000	2011-12-01	31338	6	2610	"Hus"	127	1930	5.66037735849058
1490000	2011-11-28	12314	4	2610	"Hus"	121	1957	6.54205607476636
2e+06	2011-11-25	24691	4	2610	"Hus"	81	1957	12.280701754386
2600000	2011-11-24	24074	4	2610	"Hus"	108	1957	6.54205607476636
2975000	2011-11-24	19070	6	2610	"Hus"	156	1983	12.280701754386
4160000	2011-11-24	30814	5	2610	"Hus"	135	1969	7.40740740740742
2800000	2011-11-20	21875	4	2610	"Hus"	128	1930	6.54205607476636
2620000	2011-11-18	18848	4	2610	"Hus"	139	1969	9.09090909090909
1975000	2011-11-17	20153	4	2610	"Hus"	98	1962	9.90990990990992
1550000	2011-11-16	16315	4	2610	"Hus"	95	1933	21.875
1900000	2011-11-12	23750	3	2610	"Hus"	80	1958	4.76190476190477
1674000	2011-11-11	10333	6	2610	"Hus"	162	2006	0
2300000	2011-11-07	22115	4	2610	"Hus"	104	1964	3.84615384615385
2600000	2011-11-02	22807	4	2610	"Hus"	114	1969	0
2050000	2011-11-01	26623	2	2610	"Hus"	77	1942	13.7931034482759
2275000	2011-10-31	21666	4	2610	"Hus"	105	1955	8.25688073394496
1900000	2011-10-25	21111	4	2610	"Hus"	90	1959	4.76190476190477
3100000	2011-10-24	15979	9	2610	"Hus"	194	1922	10.7142857142857
2550000	2011-10-24	22173	5	2610	"Hus"	115	1964	5.66037735849058
2300000	2011-10-13	20535	4	2610	"Hus"	112	1967	3.84615384615385
2e+06	2011-10-12	16000	5	2610	"Hus"	125	1928	0
2295000	2011-10-12	27987	3	2610	"Hus"	82	1954	7.40740740740742
2e+06	2011-10-11	17094	5	2610	"Hus"	117	1953	12.280701754386
2675000	2011-10-11	22863	4	2610	"Hus"	117	1976	3.84615384615385
1600000	2011-10-03	13333	4	2610	"Hus"	120	1959	19.3548387096774
3300000	2011-09-29	28448	4	2610	"Hus"	116	1936	4.76190476190477
4250000	2011-09-26	27243	7	2610	"Hus"	156	1952	0
1900000	2011-09-25	17431	4	2610	"Hus"	109	1956	4.76190476190477
1100000	2011-09-25	14102	3	2610	"Hus"	78	1951	0
2650000	2011-09-21	38405	3	2610	"Hus"	69	1939	8.25688073394496
1500000	2011-09-20	10067	6	2610	"Hus"	149	1950	0
2550000	2011-09-19	27419	4	2610	"Hus"	93	1955	2.9126213592233
2425000	2011-09-16	21846	5	2610	"Hus"	111	1936	5.66037735849058
2425000	2011-09-14	21460	4	2610	"Hus"	113	1932	8.25688073394496
2425000	2011-09-12	15849	4	2610	"Hus"	153	1969	2.9126213592233
2600000	2011-09-12	30232	4	2610	"Hus"	86	1951	6.54205607476636
2425000	2011-09-06	31907	3	2610	"Hus"	76	1938	0
2600000	2011-09-01	20967	4	2610	"Hus"	124	1971	2.9126213592233
1675000	2011-08-29	17447	4	2610	"Hus"	96	1940	6.54205607476636
2950000	2011-08-25	18437	5	2610	"Hus"	160	1960	0
2e+06	2011-08-21	14388	5	2610	"Hus"	139	1955	15.9663865546218
7e+05	2011-08-10	6730	3	2610	"Hus"	104	1935	0
1975000	2011-08-10	25320	3	2610	"Hus"	78	1935	7.40740740740742
1900000	2011-08-09	17431	4	2610	"Hus"	109	1969	3.84615384615385
3150000	2011-08-08	16492	5	2610	"Hus"	191	1964	3.84615384615385
3800000	2011-08-04	24516	3	2610	"Hus"	155	1943	11.5044247787611
2400000	2011-08-04	24242	5	2610	"Hus"	99	1956	7.40740740740742
2120000	2011-08-01	23296	4	2610	"Hus"	91	1942	2.9126213592233
3e+06	2011-07-31	17751	6	2610	"Hus"	169	1958	5.66037735849058
2900000	2011-07-24	20714	4	2610	"Hus"	140	1960	9.09090909090909
2800000	2011-07-19	23333	5	2610	"Hus"	120	1934	5.66037735849058
3400000	2011-07-12	25000	5	2610	"Hus"	136	1930	6.54205607476636
3150000	2011-07-12	17213	5	2610	"Hus"	183	1964	2.9126213592233
3075000	2011-07-05	22610	6	2610	"Hus"	136	1938	2.9126213592233
3100000	2011-06-30	19745	5	2610	"Hus"	157	1976	8.25688073394496
2535000	2011-06-28	25606	3	2610	"Hus"	99	1932	0
1417000	2011-06-27	20242	3	2610	"Hus"	70	1951	0
3e+06	2011-06-22	18750	6	2610	"Hus"	160	1952	11.5044247787611
2600000	2011-06-20	23423	3	2610	"Hus"	111	1936	9.09090909090909
1925000	2011-06-14	15157	5	2610	"Hus"	127	1957	2.9126213592233
1250000	2011-06-14	19841	3	2610	"Hus"	63	1952	13.0434782608696
3025000	2011-06-13	23449	5	2610	"Hus"	129	1929	6.54205607476636
1150000	2011-06-09	7565	5	2610	"Hus"	152	2012	17.3553719008264
3100000	2011-05-31	35227	4	2610	"Hus"	88	1951	10.7142857142857
2100000	2011-05-31	17647	4	2610	"Hus"	119	1964	9.90990990990992
2225000	2011-05-31	22029	4	2610	"Hus"	101	1957	10.7142857142857
2800000	2011-05-29	21875	4	2610	"Hus"	128	1968	5.66037735849058
875000	2011-05-28	8838	4	2610	"Hus"	99	1939	0
2415000	2011-05-27	21954	4	2610	"Hus"	110	1935	-6.38297872340425
1800000	2011-05-27	16981	4	2610	"Hus"	106	1931	9.09090909090909
3775000	2011-05-24	29492	5	2610	"Hus"	128	1933	3.84615384615385
4600000	2011-05-22	29113	5	2610	"Hus"	158	1903	7.40740740740742
2350000	2011-05-19	18076	5	2610	"Hus"	130	1934	0
3825000	2011-05-19	30846	4	2610	"Hus"	124	1966	0
2935000	2011-05-17	22404	5	2610	"Hus"	131	1951	7.40740740740742
3325000	2011-05-15	22619	5	2610	"Hus"	147	1936	4.76190476190477
3310000	2011-05-12	26480	3	2610	"Hus"	125	1935	3.84615384615385
3e+06	2011-05-06	17647	6	2610	"Hus"	170	1928	5.66037735849058
1650000	2011-04-29	20625	3	2610	"Hus"	80	1938	5.66037735849058
2450000	2011-04-28	18560	4	2610	"Hus"	132	1923	12.280701754386
2450000	2011-04-20	14939	5	2610	"Hus"	164	1930	7.40740740740742
2900000	2011-04-18	26126	5	2610	"Hus"	111	1952	2.9126213592233
750000	2011-04-14	9615	3	2610	"Hus"	78	1949	0
2800000	2011-04-10	21052	6	2610	"Hus"	133	1936	5.66037735849058
3600000	2011-04-10	21301	6	2610	"Hus"	169	1962	9.09090909090909
3100000	2011-04-09	16577	3	2610	"Hus"	187	1937	5.66037735849058
2500000	2011-04-06	22123	5	2610	"Hus"	113	1936	9.09090909090909
1492500	2011-04-05	10974	6	2610	"Hus"	136	1937	0
2875000	2011-04-03	37828	3	2610	"Hus"	76	1938	6.54205607476636
1950000	2011-03-30	21666	3	2610	"Hus"	90	1960	6.54205607476636
1750000	2011-03-29	24305	3	2610	"Hus"	72	1938	4.76190476190477
2700000	2011-03-21	20149	6	2610	"Hus"	134	1938	9.09090909090909
3900000	2011-03-18	33620	5	2610	"Hus"	116	1923	0
502500	2011-03-17	5583	3	2610	"Hus"	90	1944	0
2050000	2011-03-15	15891	4	2610	"Hus"	129	1973	6.54205607476636
825000	2011-03-11	9375	4	2610	"Hus"	88	1935	0
2850000	2011-03-08	22983	4	2610	"Hus"	124	1962	4.76190476190477
2500000	2011-03-07	21008	5	2610	"Hus"	119	1933	0
2900000	2011-03-07	16477	6	2610	"Hus"	176	1938	2.9126213592233
2200000	2011-03-01	17886	4	2610	"Hus"	123	1938	7.40740740740742
2815000	2011-02-28	14894	5	2610	"Hus"	189	1928	4.76190476190477
3900000	2011-02-25	38235	4	2610	"Hus"	102	1951	0
2400000	2011-02-24	14035	6	2610	"Hus"	171	1935	13.7931034482759
1600000	2011-02-22	18390	4	2610	"Hus"	87	1957	0
3e+06	2011-02-12	19354	6	2610	"Hus"	155	1936	2.9126213592233
2400000	2011-02-09	24242	4	2610	"Hus"	99	1954	2.9126213592233
2995000	2011-02-08	36084	3	2610	"Hus"	83	1938	0
3350000	2011-02-07	28151	4	2610	"Hus"	119	1951	6.54205607476636
1400000	2011-02-03	8641	5	2610	"Hus"	162	2012	15.9663865546218
2950000	2011-01-31	19536	4	2610	"Hus"	151	1934	9.09090909090909
1800000	2011-01-30	18000	3	2610	"Hus"	100	1933	7.40740740740742
3100000	2011-01-29	16577	6	2610	"Hus"	187	1937	2.9126213592233
2199000	2011-01-26	14660	6	2610	"Hus"	150	1960	0
3360000	2011-01-23	17319	5	2610	"Hus"	194	1954	3.84615384615385
2750000	2011-01-23	34375	4	2610	"Hus"	80	1937	4.76190476190477
1300000	2011-01-20	15853	3	2610	"Hus"	82	1960	0
4100000	2011-01-18	25465	6	2610	"Hus"	161	1980	3.84615384615385
2e+06	2011-01-17	11235	8	2610	"Hus"	178	1926	19.3548387096774
2850000	2011-01-16	21755	5	2610	"Hus"	131	1935	4.76190476190477
2e+06	2011-01-16	19230	4	2610	"Hus"	104	1958	1.96078431372549
2750000	2011-01-10	21317	5	2610	"Hus"	129	1938	10.7142857142857
2700000	2011-01-05	15168	7	2610	"Hus"	178	1928	5.66037735849058
3700000	2012-10-08	26428	6	2750	"Hus"	140	1941	0
2880000	2012-10-01	20571	6	2750	"Hus"	140	1944	-16.2790697674419
3055000	2012-09-27	17457	5	2750	"Hus"	175	1965	0
2500000	2012-09-14	16233	4	2750	"Hus"	154	1969	0
2500000	2012-09-13	16666	6	2750	"Hus"	150	1968	15.9663865546218
3500000	2012-08-26	23178	5	2750	"Hus"	151	1969	1.96078431372549
1624467	2012-08-09	9966	6	2750	"Hus"	163	1970	0
4500000	2012-07-18	25568	6	2750	"Hus"	176	1985	0
2890000	2012-07-16	21729	4	2750	"Hus"	133	1971	0
1840000	2012-07-16	15081	3	2750	"Hus"	122	1957	11.5044247787611
2250000	2012-07-15	15845	6	2750	"Hus"	142	1938	9.09090909090909
2995000	2012-07-03	22185	5	2750	"Hus"	135	1969	0
3e+06	2012-07-02	21582	5	2750	"Hus"	139	1969	7.40740740740742
2400000	2012-06-29	17777	6	2750	"Hus"	135	1959	0.990099009900991
2850000	2012-06-25	18387	5	2750	"Hus"	155	1968	10.7142857142857
2900000	2012-06-20	19463	4	2750	"Hus"	149	1966	2.9126213592233
4295000	2012-06-12	27183	5	2750	"Hus"	158	1979	0
2400000	2012-06-10	21052	4	2750	"Hus"	114	1958	3.84615384615385
3595000	2012-06-10	19122	5	2750	"Hus"	188	1965	0
1600000	2012-06-06	12698	5	2750	"Hus"	126	1936	5.66037735849058
2950000	2012-06-03	27570	4	2750	"Hus"	107	1964	0.990099009900991
2e+06	2012-05-29	13888	5	2750	"Hus"	144	1971	19.3548387096774
1800000	2012-05-15	16071	4	2750	"Hus"	112	1963	4.76190476190477
2700000	2012-04-30	17307	4	2750	"Hus"	156	1972	9.09090909090909
1790000	2012-04-30	20112	3	2750	"Hus"	89	1957	0
2450000	2012-04-30	18014	5	2750	"Hus"	136	1906	3.84615384615385
3260000	2012-04-29	19404	4	2750	"Hus"	168	1971	4.76190476190477
2375000	2012-04-29	19628	5	2750	"Hus"	121	1957	4.76190476190477
1800000	2012-04-26	26470	3	2750	"Hus"	68	1960	13.7931034482759
3800000	2012-04-23	20652	7	2750	"Hus"	184	1969	0
3700000	2012-04-22	25170	4	2750	"Hus"	147	1970	6.54205607476636
2300000	2012-04-19	22549	4	2750	"Hus"	102	1963	13.0434782608696
2250000	2012-04-18	18292	4	2750	"Hus"	123	1974	9.90990990990992
2350000	2012-04-15	15878	6	2750	"Hus"	148	1961	5.66037735849058
2950000	2012-04-02	21851	5	2750	"Hus"	135	1962	0
3400000	2012-03-30	21935	6	2750	"Hus"	155	1971	1.96078431372549
2700000	2012-03-19	18620	5	2750	"Hus"	145	1969	10.7142857142857
2100000	2012-03-19	15555	5	2750	"Hus"	135	1968	8.25688073394496
2800000	2012-03-16	17721	4	2750	"Hus"	158	1970	5.66037735849058
1985000	2012-03-14	20050	3	2750	"Hus"	99	1959	3.84615384615385
2515000	2012-03-12	16766	4	2750	"Hus"	150	1931	6.54205607476636
1950000	2012-03-09	14552	4	2750	"Hus"	134	1980	15.9663865546218
3400000	2012-03-08	17616	4	2750	"Hus"	193	1971	9.09090909090909
2600000	2012-03-07	19696	4	2750	"Hus"	132	1962	8.25688073394496
2300000	2012-02-27	16083	5	2750	"Hus"	143	1976	7.40740740740742
2100000	2012-02-27	22826	4	2750	"Hus"	92	1954	3.84615384615385
2650000	2012-02-27	14480	7	2750	"Hus"	183	1954	15.2542372881356
2275000	2012-02-26	14308	5	2750	"Hus"	159	1965	8.25688073394496
2e+06	2012-02-25	16260	4	2750	"Hus"	123	1973	10.7142857142857
2122500	2012-02-14	21658	3	2750	"Hus"	98	1962	2.9126213592233
3e+06	2012-02-10	20833	5	2750	"Hus"	144	1972	2.9126213592233
3200000	2012-02-09	24427	4	2750	"Hus"	131	1970	0.990099009900991
2500000	2012-01-30	21739	4	2750	"Hus"	115	1952	6.54205607476636
2693700	2012-01-25	24941	4	2750	"Hus"	108	1968	0
5500000	2012-01-24	30054	5	2750	"Hus"	183	1918	15.2542372881356
1700000	2012-01-20	16037	3	2750	"Hus"	106	1956	4.76190476190477
2500000	2012-01-13	14970	5	2750	"Hus"	167	1960	9.90990990990992
2950000	2012-01-12	19666	5	2750	"Hus"	150	1968	7.40740740740742
3700000	2012-01-03	19576	9	2750	"Hus"	189	2001	4.76190476190477
2675000	2011-12-28	21400	3	2750	"Hus"	125	1966	3.84615384615385
2150000	2011-12-22	15357	5	2750	"Hus"	140	1967	1.96078431372549
2950000	2011-12-19	24583	5	2750	"Hus"	120	1996	7.40740740740742
4e+06	2011-12-09	27027	5	2750	"Hus"	148	1962	0
3545000	2011-12-09	22724	4	2750	"Hus"	156	1976	0
1372029	2011-12-08	7036	8	2750	"Hus"	195	1969	50.7389162561576
2300000	2011-11-25	13772	6	2750	"Hus"	167	1970	0
1800000	2011-11-21	16363	4	2750	"Hus"	110	1960	9.09090909090909
2300000	2011-11-21	20909	4	2750	"Hus"	110	1967	7.40740740740742
2500000	2011-11-17	17857	5	2750	"Hus"	140	1975	9.90990990990992
1960000	2011-11-11	16610	5	2750	"Hus"	118	1955	9.90990990990992
3e+06	2011-11-03	21276	5	2750	"Hus"	141	1968	4.76190476190477
1500000	2011-11-03	10638	6	2750	"Hus"	141	1950	49.748743718593
1650000	2011-10-28	19642	3	2750	"Hus"	84	1954	16.6666666666667
2800000	2011-10-28	22047	4	2750	"Hus"	127	1970	5.66037735849058
643580	2011-10-05	5746	5	2750	"Hus"	112	1965	0
3150000	2011-10-03	18103	5	2750	"Hus"	174	1998	9.09090909090909
3550000	2011-09-30	23202	4	2750	"Hus"	153	1975	10.7142857142857
3200000	2011-09-23	23880	4	2750	"Hus"	134	1977	3.84615384615385
3100000	2011-09-13	21527	4	2750	"Hus"	144	1974	12.280701754386
2200000	2011-09-12	16417	5	2750	"Hus"	134	1972	7.40740740740742
1995000	2011-09-12	13571	4	2750	"Hus"	147	1980	0
2700000	2011-08-22	24107	4	2750	"Hus"	112	1968	9.09090909090909
1698750	2011-08-09	11715	7	2750	"Hus"	145	1960	0
2950000	2011-08-01	22180	4	2750	"Hus"	133	1979	9.09090909090909
1150000	2011-07-29	14743	3	2750	"Hus"	78	1959	14.5299145299145
3525000	2011-07-15	20614	7	2750	"Hus"	171	1967	5.66037735849058
2200000	2011-07-14	14379	5	2750	"Hus"	153	1970	16.6666666666667
2175000	2011-07-13	19772	5	2750	"Hus"	110	1958	10.7142857142857
3550000	2011-07-10	21779	4	2750	"Hus"	163	1970	3.84615384615385
2350000	2011-07-08	18076	5	2750	"Hus"	130	1960	7.40740740740742
2500000	2011-06-30	18518	5	2750	"Hus"	135	1968	15.9663865546218
2150000	2011-06-30	13782	7	2750	"Hus"	156	1927	16.6666666666667
3225000	2011-06-20	16623	5	2750	"Hus"	194	1965	9.09090909090909
2250000	2011-06-16	22727	4	2750	"Hus"	99	1961	4.76190476190477
2100000	2011-06-09	19444	3	2750	"Hus"	108	1930	5.66037735849058
2500000	2011-06-01	18115	4	2750	"Hus"	138	1965	7.40740740740742
878100	2011-06-01	9441	5	2750	"Hus"	93	1961	0
1670000	2011-05-26	17578	3	2750	"Hus"	95	1959	6.54205607476636
3500000	2011-05-24	27131	4	2750	"Hus"	129	1972	0
1750000	2011-05-22	11437	6	2750	"Hus"	153	1971	0
2350000	2011-05-11	16785	5	2750	"Hus"	140	1939	5.66037735849058
2875000	2011-05-08	22460	5	2750	"Hus"	128	1935	3.84615384615385
2950000	2011-05-08	23600	5	2750	"Hus"	125	1966	0.990099009900991
2725000	2011-05-06	23093	6	2750	"Hus"	118	1961	5.66037735849058
2100000	2011-04-28	19811	4	2750	"Hus"	106	1963	15.9663865546218
2100000	2011-04-26	18918	5	2750	"Hus"	111	1955	15.9663865546218
1398500	2011-04-17	7991	6	2750	"Hus"	175	1967	58.1589958158996
3e+06	2011-04-15	21739	4	2750	"Hus"	138	1850	4.76190476190477
2075000	2011-04-07	22311	4	2750	"Hus"	93	1950	2.9126213592233
2650000	2011-04-07	22844	5	2750	"Hus"	116	1955	8.25688073394496
2100000	2011-04-05	20192	4	2750	"Hus"	104	1962	3.84615384615385
4995000	2011-04-03	28872	6	2750	"Hus"	173	2008	5.66037735849058
2700000	2011-03-31	24324	4	2750	"Hus"	111	1962	2.9126213592233
3450000	2011-03-28	25182	3	2750	"Hus"	137	1968	6.54205607476636
3775000	2011-03-21	26034	5	2750	"Hus"	145	1970	4.76190476190477
2400000	2011-03-21	17021	4	2750	"Hus"	141	1928	2.9126213592233
1725000	2011-03-18	9375	7	2750	"Hus"	184	2012	6.54205607476636
2200000	2011-03-08	22000	3	2750	"Hus"	100	1959	5.66037735849058
1600000	2011-02-27	14414	4	2750	"Hus"	111	1920	10.7142857142857
2650000	2011-02-22	27894	3	2750	"Hus"	95	1969	7.40740740740742
3395000	2011-02-21	26523	5	2750	"Hus"	128	1967	0
2600000	2011-02-17	16250	5	2750	"Hus"	160	1909	2.9126213592233
2550000	2011-02-10	17708	4	2750	"Hus"	144	1970	8.25688073394496
2950000	2011-01-28	29500	4	2750	"Hus"	100	1968	0
2900000	2011-01-20	20279	5	2750	"Hus"	143	1969	8.25688073394496
1900000	2011-01-19	14285	5	2750	"Hus"	133	2002	0
2595000	2011-01-13	23590	4	2750	"Hus"	110	1967	0
3150000	2012-10-17	28378	4	2720	"Rakkehus"	111	1989	0
366000	2012-09-12	2951	3	2720	"Rakkehus"	124	1979	0
2760000	2012-09-09	30666	4	2720	"Rakkehus"	90	1944	3.84615384615385
2350000	2012-08-27	18359	5	2720	"Rakkehus"	128	2003	9.09090909090909
2e+06	2012-08-13	20000	4	2720	"Rakkehus"	100	1981	3.84615384615385
3350000	2012-08-12	32843	4	2720	"Rakkehus"	102	1944	7.40740740740742
2530000	2012-08-08	16644	4	2720	"Rakkehus"	152	1979	9.09090909090909
2850000	2012-07-31	31666	4	2720	"Rakkehus"	90	1944	4.76190476190477
3500000	2012-07-23	31818	5	2720	"Rakkehus"	110	1940	0
2925000	2012-07-10	30468	5	2720	"Rakkehus"	96	1946	1.96078431372549
2100000	2012-06-29	24705	3	2720	"Rakkehus"	85	1944	3.84615384615385
3300000	2012-06-27	25384	5	2720	"Rakkehus"	130	1967	0
3250000	2012-06-22	27542	5	2720	"Rakkehus"	118	1966	6.54205607476636
2300000	2012-05-23	21495	4	2720	"Rakkehus"	107	1976	7.40740740740742
850000	2012-05-22	10365	3	2720	"Rakkehus"	82	1971	0
1400000	2012-05-14	14893	4	2720	"Rakkehus"	94	1946	0
4045000	2012-04-13	27331	5	2720	"Rakkehus"	148	2012	-1.01010101010102
1795000	2012-04-12	18697	4	2720	"Rakkehus"	96	1946	0
2995000	2012-03-27	25381	4	2720	"Rakkehus"	118	1995	0
1540000	2012-03-08	24062	3	2720	"Rakkehus"	64	1935	6.54205607476636
1700000	2012-03-06	17346	4	2720	"Rakkehus"	98	1977	0
3400000	2012-03-01	27642	3	2720	"Rakkehus"	123	2010	1.96078431372549
3500000	2012-02-02	32407	4	2720	"Rakkehus"	108	1968	6.54205607476636
3900000	2012-01-13	26351	5	2720	"Rakkehus"	148	2012	0
3750000	2012-01-12	30241	6	2720	"Rakkehus"	124	1924	5.66037735849058
2700000	2012-01-06	23275	5	2720	"Rakkehus"	116	1932	6.54205607476636
3210000	2011-12-21	32100	4	2720	"Rakkehus"	100	1958	7.40740740740742
3200000	2011-12-19	29090	4	2720	"Rakkehus"	110	1940	5.66037735849058
3550000	2011-12-12	28629	4	2720	"Rakkehus"	124	1924	5.66037735849058
2995000	2011-11-21	35235	4	2720	"Rakkehus"	85	1938	0
3300000	2011-10-31	30555	4	2720	"Rakkehus"	108	1943	6.54205607476636
2800000	2011-10-19	25925	5	2720	"Rakkehus"	108	1966	0
1822000	2011-10-07	13014	6	2720	"Rakkehus"	140	1936	0
3600000	2011-09-03	37500	4	2720	"Rakkehus"	96	1923	7.40740740740742
3100000	2011-09-02	27192	4	2720	"Rakkehus"	114	1968	10.7142857142857
2900000	2011-08-20	24576	3	2720	"Rakkehus"	118	2010	2.9126213592233
3420000	2011-07-25	26307	4	2720	"Rakkehus"	130	2011	0
2250000	2011-07-14	37500	2	2720	"Rakkehus"	60	1944	1.96078431372549
2795000	2011-07-04	26875	5	2720	"Rakkehus"	104	1944	0
3735000	2011-06-30	24253	6	2720	"Rakkehus"	154	1924	3.84615384615385
2895000	2011-06-17	30797	4	2720	"Rakkehus"	94	1946	2.9126213592233
2925000	2011-06-16	31451	4	2720	"Rakkehus"	93	1943	8.25688073394496
2200000	2011-05-02	36666	3	2720	"Rakkehus"	60	1944	3.84615384615385
2220000	2011-04-04	37000	3	2720	"Rakkehus"	60	1944	2.9126213592233
2950000	2011-03-10	23600	4	2720	"Rakkehus"	125	1977	0
3e+06	2011-03-08	27027	4	2720	"Rakkehus"	111	1989	5.66037735849058
2500000	2011-03-08	19379	6	2720	"Rakkehus"	129	1924	6.54205607476636
6e+05	2011-03-03	14285	1	2720	"Rakkehus"	42	1972	39.3939393939394
3420000	2011-02-22	26307	4	2720	"Rakkehus"	130	2011	0
3300000	2011-02-02	28947	4	2720	"Rakkehus"	114	1955	1.96078431372549
1350000	2012-09-26	16071	3	2610	"Rakkehus"	84	1957	6.54205607476636
2150000	2012-09-26	22872	4	2610	"Rakkehus"	94	1957	3.84615384615385
2175000	2012-09-18	23641	4	2610	"Rakkehus"	92	1960	6.54205607476636
2250000	2012-08-19	17175	5	2610	"Rakkehus"	131	1957	7.40740740740742
2220000	2012-08-16	21142	3	2610	"Rakkehus"	105	1964	4.76190476190477
2400000	2012-08-15	25806	4	2610	"Rakkehus"	93	1943	2.9126213592233
2250000	2012-08-13	17857	6	2610	"Rakkehus"	126	1956	13.0434782608696
1945000	2012-08-01	17212	5	2610	"Rakkehus"	113	1962	1.96078431372549
2100000	2012-07-05	23863	4	2610	"Rakkehus"	88	1981	0
2950000	2012-06-21	24789	5	2610	"Rakkehus"	119	1994	7.40740740740742
1550000	2012-06-19	18023	4	2610	"Rakkehus"	86	1962	7.40740740740742
2098000	2012-06-11	25585	3	2610	"Rakkehus"	82	1954	0
2400000	2012-06-06	23762	4	2610	"Rakkehus"	101	1985	0
2625000	2012-06-05	27925	3	2610	"Rakkehus"	94	2003	0
1775000	2012-05-31	17574	4	2610	"Rakkehus"	101	1963	5.66037735849058
2e+06	2012-05-31	17857	4	2610	"Rakkehus"	112	1960	1.96078431372549
2400000	2012-05-31	18320	6	2610	"Rakkehus"	131	1955	0
1950000	2012-05-25	17256	5	2610	"Rakkehus"	113	1956	6.54205607476636
1525000	2012-05-10	13260	5	2610	"Rakkehus"	115	1955	9.90990990990992
2275000	2012-05-02	19612	4	2610	"Rakkehus"	116	1985	7.40740740740742
2800000	2012-04-26	30107	3	2610	"Rakkehus"	93	1943	0
2750000	2012-04-24	25700	4	2610	"Rakkehus"	107	1985	0.990099009900991
3745000	2012-04-01	24638	5	2610	"Rakkehus"	152	2008	14.5299145299145
2500000	2012-04-01	21739	5	2610	"Rakkehus"	115	1971	2.9126213592233
1650000	2012-03-29	14732	3	2610	"Rakkehus"	112	1954	1.96078431372549
2200000	2012-03-20	15068	6	2610	"Rakkehus"	146	1929	0
2150000	2012-03-15	21938	4	2610	"Rakkehus"	98	1943	5.66037735849058
2300000	2012-03-06	23469	3	2610	"Rakkehus"	98	1964	6.54205607476636
2200000	2012-03-02	23157	4	2610	"Rakkehus"	95	1937	5.66037735849058
2575000	2012-02-27	22991	4	2610	"Rakkehus"	112	2005	0
1695000	2012-02-26	15990	4	2610	"Rakkehus"	106	1980	0
1900000	2012-02-09	19191	4	2610	"Rakkehus"	99	1965	4.76190476190477
1e+05	2012-02-03	2857	1	2610	"Rakkehus"	35	1971	0
1800000	2012-01-30	15254	5	2610	"Rakkehus"	118	1979	9.90990990990992
2500000	2012-01-17	22935	4	2610	"Rakkehus"	109	1970	5.66037735849058
1750000	2012-01-15	23333	3	2610	"Rakkehus"	75	1943	3.84615384615385
1700000	2012-01-06	21250	3	2610	"Rakkehus"	80	1957	4.76190476190477
1650000	2012-01-03	17741	4	2610	"Rakkehus"	93	1943	5.66037735849058
2300000	2011-12-22	20909	3	2610	"Rakkehus"	110	1982	3.84615384615385
3300000	2011-12-20	25781	4	2610	"Rakkehus"	128	1961	1.96078431372549
2100000	2011-12-13	22580	4	2610	"Rakkehus"	93	1943	14.5299145299145
1600000	2011-12-09	20000	3	2610	"Rakkehus"	80	1957	4.76190476190477
1775000	2011-12-05	18112	4	2610	"Rakkehus"	98	1962	0
2150000	2011-11-30	17916	4	2610	"Rakkehus"	120	1957	9.90990990990992
1700000	2011-11-22	17525	3	2610	"Rakkehus"	97	1959	14.5299145299145
2300000	2011-11-15	23232	4	2610	"Rakkehus"	99	1965	1.96078431372549
320000	2011-11-14	9142	1	2610	"Rakkehus"	35	1971	35.0649350649351
2400000	2011-11-04	20689	5	2610	"Rakkehus"	116	1972	2.9126213592233
2600000	2011-10-29	23636	5	2610	"Rakkehus"	110	1948	9.90990990990992
3050000	2011-10-25	23828	4	2610	"Rakkehus"	128	1961	12.280701754386
2320000	2011-10-24	20000	4	2610	"Rakkehus"	116	1972	6.54205607476636
2800000	2011-10-21	28571	4	2610	"Rakkehus"	98	1943	0
1546960	2011-10-13	19337	3	2610	"Rakkehus"	80	1957	8.25688073394496
1700000	2011-10-10	21518	3	2610	"Rakkehus"	79	1954	3.84615384615385
2299000	2011-09-29	24457	4	2610	"Rakkehus"	94	1957	0
1800000	2011-09-29	19148	4	2610	"Rakkehus"	94	1959	13.7931034482759
1900000	2011-09-28	20212	4	2610	"Rakkehus"	94	1959	0
4e+05	2011-09-26	11428	1	2610	"Rakkehus"	35	1971	32.4324324324324
1850000	2011-09-12	20108	4	2610	"Rakkehus"	92	1960	15.2542372881356
2330000	2011-09-07	22403	4	2610	"Rakkehus"	104	1984	0
2495000	2011-09-01	33266	3	2610	"Rakkehus"	75	1943	0
2250000	2011-08-23	23684	4	2610	"Rakkehus"	95	1987	5.66037735849058
2200000	2011-08-16	18965	5	2610	"Rakkehus"	116	1972	7.40740740740742
1750000	2011-08-15	14957	5	2610	"Rakkehus"	117	1955	12.280701754386
1950000	2011-07-27	24375	4	2610	"Rakkehus"	80	1949	10.7142857142857
2050000	2011-07-22	21578	4	2610	"Rakkehus"	95	1978	14.5299145299145
1550000	2011-07-12	19620	3	2610	"Rakkehus"	79	1954	8.25688073394496
2050000	2011-07-08	18636	4	2610	"Rakkehus"	110	1953	13.7931034482759
2425000	2011-07-05	22247	6	2610	"Rakkehus"	109	1954	6.54205607476636
1900000	2011-07-05	18095	4	2610	"Rakkehus"	105	1964	4.76190476190477
1800000	2011-06-29	18000	3	2610	"Rakkehus"	100	1955	4.76190476190477
3400000	2011-06-27	22077	5	2610	"Rakkehus"	154	1964	4.76190476190477
2300000	2011-06-26	24210	4	2610	"Rakkehus"	95	1981	7.40740740740742
1970000	2011-06-23	27746	4	2610	"Rakkehus"	71	1860	-3.09278350515465
2550000	2011-06-23	24519	4	2610	"Rakkehus"	104	1960	0.990099009900991
2500000	2011-06-17	20833	4	2610	"Rakkehus"	120	1986	0
1850000	2011-06-10	18877	4	2610	"Rakkehus"	98	1964	-2.04081632653061
3045000	2011-06-08	32741	4	2610	"Rakkehus"	93	1943	-6.38297872340425
1400000	2011-06-07	18666	3	2610	"Rakkehus"	75	1943	11.5044247787611
2300000	2011-05-27	19827	5	2610	"Rakkehus"	116	1972	7.40740740740742
2200000	2011-05-27	23655	4	2610	"Rakkehus"	93	1943	0
2209000	2011-05-25	23252	4	2610	"Rakkehus"	95	1981	7.40740740740742
2800000	2011-05-23	24778	5	2610	"Rakkehus"	113	1962	0
3400000	2011-05-16	26984	5	2610	"Rakkehus"	126	1949	1.96078431372549
2310000	2011-05-10	18188	5	2610	"Rakkehus"	127	1972	1.96078431372549
2200000	2011-04-20	23404	5	2610	"Rakkehus"	94	1957	1.96078431372549
3425000	2011-04-17	27182	4	2610	"Rakkehus"	126	1966	0.990099009900991
2150000	2011-04-12	17200	5	2610	"Rakkehus"	125	1956	0
2187500	2011-04-04	16698	5	2610	"Rakkehus"	131	1956	0
3100000	2011-03-30	19871	6	2610	"Rakkehus"	156	1943	0
1965000	2011-03-22	20904	4	2610	"Rakkehus"	94	1959	0
2025000	2011-02-18	25000	4	2610	"Rakkehus"	81	1956	0
1895000	2011-02-18	22559	4	2610	"Rakkehus"	84	1962	0
1800000	2011-02-14	20930	4	2610	"Rakkehus"	86	1962	3.84615384615385
1400000	2011-02-08	12280	3	2610	"Rakkehus"	114	1973	17.3553719008264
7e+05	2011-02-02	7142	3	2610	"Rakkehus"	98	1943	0
3200000	2011-01-26	26229	5	2610	"Rakkehus"	122	1949	5.66037735849058
2295000	2011-01-04	22500	4	2610	"Rakkehus"	102	1981	0
1530000	2012-10-16	15000	3	2750	"Rakkehus"	102	1955	9.09090909090909
2450000	2012-10-16	20762	4	2750	"Rakkehus"	118	2007	0
2298000	2012-08-29	15118	5	2750	"Rakkehus"	152	1965	0
2270000	2012-08-13	21214	4	2750	"Rakkehus"	107	1972	0
2240000	2012-08-02	20740	4	2750	"Rakkehus"	108	2006	1.96078431372549
2720000	2012-08-01	22295	4	2750	"Rakkehus"	122	2007	4.76190476190477
1375000	2012-07-30	15277	3	2750	"Rakkehus"	90	1973	7.40740740740742
2100000	2012-07-15	19626	4	2750	"Rakkehus"	107	1971	8.25688073394496
2750000	2012-07-06	23305	4	2750	"Rakkehus"	118	2007	4.76190476190477
2030000	2012-04-30	18796	4	2750	"Rakkehus"	108	2003	7.40740740740742
2e+06	2012-04-30	16000	5	2750	"Rakkehus"	125	1967	6.54205607476636
2250000	2012-04-23	20833	4	2750	"Rakkehus"	108	2006	3.84615384615385
1740000	2012-04-03	18510	3	2750	"Rakkehus"	94	1991	0
2095000	2012-03-29	21377	3	2750	"Rakkehus"	98	1989	5.66037735849058
2200000	2012-03-29	19298	4	2750	"Rakkehus"	114	2001	3.84615384615385
2100000	2012-02-06	20192	4	2750	"Rakkehus"	104	2003	9.90990990990992
1100000	2012-01-31	16923	3	2750	"Rakkehus"	65	1958	11.5044247787611
2480000	2011-11-29	22142	4	2750	"Rakkehus"	112	2006	7.40740740740742
2120000	2011-09-30	19813	4	2750	"Rakkehus"	107	1971	2.9126213592233
2300000	2011-09-11	21296	4	2750	"Rakkehus"	108	2006	7.40740740740742
2250000	2011-09-05	26162	3	2750	"Rakkehus"	86	1990	9.09090909090909
2200000	2011-07-05	25581	3	2750	"Rakkehus"	86	1992	7.40740740740742
2350000	2011-06-09	25268	4	2750	"Rakkehus"	93	1989	0
2250000	2011-05-30	21634	4	2750	"Rakkehus"	104	2003	1.96078431372549
2400000	2011-05-22	18461	5	2750	"Rakkehus"	130	1977	10.7142857142857
2495000	2011-05-12	19341	6	2750	"Rakkehus"	129	1989	0
2850000	2011-04-11	24152	4	2750	"Rakkehus"	118	2007	7.40740740740742
2275000	2011-01-31	20495	5	2750	"Rakkehus"	111	1954	4.76190476190477
1500000	2011-01-21	17045	4	2750	"Rakkehus"	88	1973	5.66037735849058
